datetime: 2018:03:03 15:07:58
exposure: 1/1462
f: 1.8
focal_length: 4.4 mm
full_url: photos/unsorted/00100dPORTRAIT_00100_BURST20180303150758740_COVER.jpg
iso: 59
make: Google
model: Pixel 2
shutter: 1/1462
thumbnail_url: thumbnails/unsorted/00100dPORTRAIT_00100_BURST20180303150758740_COVER.jpg
