datetime: 2016:04:01 22:45:51
exposure: 1/60
f: 2.0
focal_length: 4.7 mm
full_url: photos/unsorted/IMG_20160401_224550.jpg
iso: 106
make: LGE
model: Nexus 5X
shutter: 1/60
thumbnail_url: thumbnails/unsorted/IMG_20160401_224550.jpg
