datetime: 2018:09:29 22:19:20
exposure: 1/60
f: 1.8
focal_length: 4.4 mm
full_url: photos/unsorted/IMG_20180929_221920.jpg
iso: 400
make: Google
model: Pixel 2
shutter: 1/60
thumbnail_url: thumbnails/unsorted/IMG_20180929_221920.jpg
