datetime: 2018:07:06 20:53:35
exposure: 1/120
f: 1.8
focal_length: 4.4 mm
full_url: photos/unsorted/IMG_20180706_205335.jpg
iso: 256
make: Google
model: Pixel 2
shutter: 1/120
thumbnail_url: thumbnails/unsorted/IMG_20180706_205335.jpg
