datetime: 2017:12:08 21:43:05
exposure: 1/40
f: 1.8
focal_length: 4.4 mm
full_url: photos/unsorted/MVIMG_20171208_214305.jpg
iso: 400
make: Google
model: Pixel 2
shutter: 1/40
thumbnail_url: thumbnails/unsorted/MVIMG_20171208_214305.jpg
