datetime: 2018:03:11 14:09:19
exposure: 1/7813
f: 1.8
focal_length: 4.4 mm
full_url: photos/unsorted/MVIMG_20180311_140919.jpg
iso: 80
make: Google
model: Pixel 2
shutter: 1/7813
thumbnail_url: thumbnails/unsorted/MVIMG_20180311_140919.jpg
