datetime: 2020:10:21 12:19:00
exposure: 1/669
f: 1.8
focal_length: 4.4 mm
full_url: photos/unsorted/PXL_20201021_161900467.jpg
iso: 58
make: Google
model: Pixel 3
shutter: 1/669
thumbnail_url: thumbnails/unsorted/PXL_20201021_161900467.jpg
