datetime: 2020:11:07 13:28:11
edited_with: Affinity Photo 1.8.5
exposure: 1/250
f: 5.6
focal_length: 135.0 mm
full_url: photos/2020-11-07/DSC03830.JPG
iso: 160
lens: E 18-135mm F3.5-5.6 OSS
make: SONY
model: ILCE-6500
shutter: 1/250
thumbnail_url: thumbnails/2020-11-07/DSC03830.JPG
description: Fall in Georgia